Easy:
1)
0 0 0 2 6 0 7 0 1
6 8 0 0 7 0 0 9 0
1 9 0 0 0 4 5 0 0
8 2 0 1 0 0 0 4 0
0 0 4 6 0 2 9 0 0
0 5 0 0 0 3 0 2 8
0 0 9 3 0 0 0 7 4
0 4 0 0 5 0 0 3 6
7 0 3 0 1 8 0 0 0

2)
8 0 0 4 7 3 0 0 0
0 2 6 8 5 1 0 9 0
0 0 5 0 0 0 8 0 0
0 1 3 0 0 8 4 0 0 
6 0 7 3 0 2 9 0 0
0 5 0 0 9 7 6 0 8
0 6 2 7 3 0 5 0 0
0 3 0 2 0 0 7 0 6
4 0 0 6 0 0 0 2 0


Hard:
1)
8 0 0 0 0 0 0 0 0
0 0 3 6 0 0 0 0 0
0 7 0 0 9 0 2 0 0
0 5 0 0 0 7 0 0 0
0 0 0 0 4 5 7 0 0
0 0 0 1 0 0 0 3 0
0 0 1 0 0 0 0 6 8
0 0 8 5 0 0 0 1 0
0 9 0 0 0 0 4 0 0


Very Hard:
1)
5 0 0 0 2 0 0 1 6
0 8 0 5 0 3 4 0 0
0 0 0 0 0 0 0 0 0
0 0 0 0 0 0 0 0 0
6 0 0 0 0 0 0 0 9
0 0 7 0 6 1 0 2 0
0 0 8 0 0 4 0 5 0
0 1 0 2 0 0 6 0 7
0 9 2 0 0 6 0 0 4
